00001
00002
00003
00005
00006
00007
00009
00010
00011
00012
00013
00014
00015
00016
00019
00020
00021
00022
00023
00024
00026
00027
00030
00031
00032
00033
00034
00035
00037
00038
00039
00040
00041
00042
00043
00044
00045
00046
00047
00048
00049
00050
00051
00052
00054
00056
00057
00058
00060
00061
00062
00063
00064
00065
00067
00068
00069
00071
00072
00074
00075
00076
00078
00079
00081
00082
00083
00085
00086
00087
00088
00089
00092
00093
00094
00095
00096
00097
00098
00100
00101
00102
00103
00105
00106
00107
00108
00109
00110
00111
00112
00113
00114
00115
00116
00117
00118
00119
00120
00121
00122
00123
00124
00125
00126
00127
00129
00130
00132
00135
00136
00137
00138
00139
00140
00141
00145
00146
00147
00148
00149
00150
00151
00152
00153
00154
00155
00156
00157
00158
00159
00160
00161
00163
00164
00165
00166
00167
00168
00171
00172
00173
00174
00175
00176
00178
00181
00182
00183
00184
00185
00186
00187
00188
00189
00191
00192
00193
00194
00195
00196
00197
00199
00201
00202
00203
00204
00205
00207
00209
00210
00211
00212
00213
00214
00216
00217
00218
00219
00220
00221
00223
00224
00226
00228
00229
00230
00231
00232
00234
00236
00237
00238
00243
00244
00245
00247
00249
00251
00252
00253
00255
00256
00257
00258
00259
00260
00261
00262
00263
00264
00265
00266
00267
00268
00270
00271
00272
00273
00274
00275
00276
00278
00279
00280
00281
00283
00285
00286
00287
00288
00289
00290
00291
00292
00293
00294
00295
00296
00299
00300
00301
00303
00304
00305
00306
00307
00308
00309
00310
00311
00312
00314
00315
00316
00317
00318
00319
00320
00321
00322
00323
00324
00325
00326
00327
00330
00331
00333
00334
00335
00336
00337
00338
00339
00343
00344
00345
00346
00348
00349
00350
00351
00352
00355
00356
00357
00358
00359
00360
00361
00362
00363
00364
00365
00366
00367
00368
00370
00371
00372
00373
00374
00375
00376
00377
00379
00380
00381
00382
00383
00384
00385
00388
00389
00390
00391
00393
00394
00395
00396
00397
00399
00400
00402
00403
00404
00405
00406
00408
00409
00410
00411
00412
00413
00414
00415
00416
00418
00419
00420
00421
00422
00424
00425
00426
00432
00434
00435
00436
00437
00438
00439
00440
00441
00442
00444
00445
00446
00447
00448
00451
00452
00453
00454
00455
00456
00457
00458
00459
00460
00461
00462
00463
00464
00466
00467
00468
00469
00470
00472
00473
00476
00477
00478
00480
00482
00483
00484
00485
00486
00487
00488
00489
00490
00491
00492
00494
00495
00496
00497
00498
00499
00500
00502
00503
00504
00505
00506
00507
00508
00509
00510
00511
00512
00513
00514
00515
00516
00517
00518
00519
00520
00521
00522
00524
00525
00526
00527
00528
00529
00530
00531
00533
00534
00536
00537
00538
00539
00541
00542
00543
00544
00545
00546
00547
00549
00550
00552
00553
00555
00556
00558
00559
00561
00563
00564
00565
00566
00568
00569
00570
00574
00575
00576
00577
00578
00579
00580
00581
00582
00584
00586
00587
00588
00589
00590
00591
00592
00593
00594
00595
00596
00597
00599
00601
00602
00605
00606
00607
00608
00609
00610
00611
00612
00613
00615
00617
00618
00620
00621
00622
00623
00624
00625
00626
00627
00629
00630
00632
00633
00634
00637
00638
00639
00640
00642
00643
00644
00647
00648
00649
00650
00651
00652
00653
00654
00655
00657
00658
00659
00661
00662
00664
00665
00667
00670
00671
00672
00673
00674
00675
00676
00679
00680
00681
00684
00685
00686
00687
00688
00690
00691
00693
00694
00696
00697
00698
00699
00702
00703
00704
00707
00709
00710
00711
00712
00713
00715
00716
00717
00718
00720
00722
00723
00724
00725
00726
00728
00729
00730
00731
00732
00733
00735
00736
00738
00739
00741
00742
00744
00747
00748
00749
00750
00751
00752
00753
00754
00755
00757
00758
00759
00761
00763
00764
00765
00766
00767
00768
00771
00772
00773
00774
00775
00779
00781
00782
00784
00786
00787
00789
00790
00791
00792
00793
00794
00795
00796
00797
00798
00800
00802
00803
00805
00806
00807
00810
00811
00812
00813
00814
00815
00818
00819
00821
00822
00824
00825
00826
00827
00828
00829
00830
00831
00832
00833
00834
00835
00836
00837
00838
00839
00842
00843
00845
00846
00847
00848
00849
00851
00853
00854
00855
00857
00858
00859
00860
00861
00862
00863
00865
00866
00867
00868
00869
00870
00871
00873
00874
00875
00876
00878
00879
00880
00881
00883
00885
00886
00887
00889
00890
00891
00892
00893
00894
00895
00896
00898
00899
00900
00901
00903
00904
00905
00907
00908
00909
00910
00911
00912
00914
00915
00916
00918
00920
00921
00922
00923
00924
00926
00929
00930
00931
00932
00933
00936
00937
00940
00941
00943
00944
00945
00946
00950
00951
00952
00953
00955
00956
00958
00959
00960
00961
00962
00963
00964
00965
00966
00967
00968
00969
00970
00971
00974
00975
00976
00977
00981
00983
00984
00985
00986
00987
00988
00989
00992
00993
00997
00998
00999
01000
01001
01004
01005
01006
01007
01010
01013
01014
01015
01016
01017
01018
01020
01021
01022
01023
01024
01025
01026
01027
01028
01029
01030
01033
01035
01037
01038
01040
01041
01042
01043
01044
01045
01046
01047
01048
01049
01050
01051
01052
01053
01054
01055
01056
01057
01058
01059
01060
01061
01062
01063
01064
01066
01069
01071
01072
01073
01074
01075
01076
01077
01078
01079
01080
01081
01082
01083
01084
01085
01088
01089
01090
01091
01093
01094
01095
01096
01098
01099
01100
01101
01102
01103
01105
01106
01107
01108
01109
01110
01113
01114
01115
01116
01117
01119
01120
01121
01122
01123
01125
01126
01127
01128
01129
01130
01131
01132
01133
01134
01135
01138
01139
01140
01141
01142
01143
01144
01145
01146
01147
01148
01149
01150
01153
01154
01155
01156
01159
01160
01161
01162
01163
01164
01165
01168
01171
01173
01174
01175
01176
01177
01179
01181
01183
01184
01185
01186
01187
01188
01189
01190
01192
01193
01194
01199
01200
01201
01202
01203
01204
01205
01206
01207
01208
01209
01210
01212
01213
01214
01215
01216
01217
01218
01220
01221
01222
01223
01224
01225
01227
01231
01232
01233
01234
01235
01237
01238
01239
01241
01243
01244
01245
01248
01249
01250
01251
01252
01254
01255
01256
01258
01259
01260
01262
01263
01268
01269
01270
01271
01272
01275
01276
01277
01278
01279
01280
01282
01283
01285
01286
01287
01289
01291
01292
01293
01294
01295
01297
01298
01299
01300
01301
01302
01303
01304
01305
01306
01307
01308
01309
01310
01311
01312
01313
01314
01315
01316
01317
01318
01319
01322
01323
01326
01328
01331
01332
01334
01335
01336
01338
01339
01341
01343
01346
01347
01349
01350
01351
01352
01353
01354
01355
01357
01358
01359
01360
01361
01362
01363
01364
01365
01366
01367
01369
01371
01373
01374
01375
01376
01377
01379
01381
01382
01383
01384
01386
01387
01388
01389
01390
01391
01393
01394
01395
01396
01397
01400
01401
01402
01403
01404
01405
01406
01408
01409
01410
01411
01412
01413
01414
01415
01416
01417
01419
01420
01421
01422
01423
01425
01426
01427
01428
01430
01431
01435
01436
01437
01438
01439
01440
01442
01444
01445
01446
01448
01449
01451
01453
01454
01455
01456
01459
01460
01462
01463
01464
01465
01466
01467
01468
01469
01470
01471
01472
01473
01474
01475
01476
01477
01478
01479
01480
01481
01482
01483
01485
01486
01488
01489
01490
01492
01493
01494
01495
01496
01498
01501
01502
01503
01504
01505
01506
01507
01508
01510
01512
01513
01514
01515
01516
01517
01518
01519
01522
01523
01524
01525
01526
01528
01529
01530
01531
01532
01533
01534
01535
01538
01541
01544
01545
01546
01547
01550
01551
01552
01553
01555
01556
01557
01558
01560
01561
01562
01563
01564
01565
01566
01569
01570
01571
01572
01573
01574
01575
01576
01577
01578
01579
01581
01582
01583
01584
01585
01586
01587
01588
01589
01590
01591
01592
01593
01595
01597
01598
01600
01601
01602
01603
01604
01605
01606
01608
01609
01610
01611
01612
01613
01614
01615
01618
01619
01620
01621
01622
01623
01624
01625
01626
01627
01628
01629
01630
01631
01632
01633
01634
01635
01636
01637
01638
01639
01640
01642
01643
01644
01645
01646
01647
01648
01650
01651
01652
01653
01654
01655
01656
01658
01659
01665
01666
01667
01669
01670
01671
01673
01675
01676
01677
01678
01679
01680
01681
01682
01683
01684
01685
01686
01687
01689
01690
01692
01693
01695
01696
01698
01699
01701
01702
01704
01705
01706
01707
01708
01709
01710
01711
01712
01713
01714
01715
01716
01717
01718
01720
01721
01722
01723
01724
01727
01728
01729
01730
01732
01733
01734
01735
01736
01737
01738
01739
01741
01742
01743
01745
01746
01747
01748
01749
01750
01751
01752
01753
01754
01756
01757
01758
01759
01760
01761
01762
01765
01766
01767
01769
01770
01773
01775
01778
01779
01780
01781
01782
01783
01784
01785
01786
01787
01789
01790
01792
01794
01795
01797
01798
01799
01800
01801
01802
01804
01805
01806
01807
01808
01809
01810
01811
01812
01813
01814
01815
01816
01817
01818
01819
01821
01822
01823
01824
01828
01829
01831
01832
01833
01835
01836
01837
01838
01839
01840
01841
01842
01843
01844
01845
01846
01847
01849
01850
01851
01852
01853
01854
01856
01857
01858
01860
01861
01862
01863
01864
01867
01868
01869
01870
01871
01872
01873
01876
01877
01878
01879
01880
01881
01882
01883
01884
01885
01886
01887
01889
01890
01891
01892
01894
01895
01896
01897
01898
01900
01901
01902
01903
01904
01905
01906
01907
01908
01910
01911
01915
01916
01917
01918
01919
01920
01921
01922
01923
01924
01925
01926
01928
01929
01930
01931
01932
01933
01934
01936
01937
01938
01940
01941
01942
01944
01946
01947
01948
01949
01950
01952
01953
01956
01957
01958
01959
01960
01961
01962
01963
01964
01965
01966
01968
01969
01970
01971
01972
01973
01974
01975
01977
01978
01979
01981
01982
01983
01985
01986
01987
01988
01990
01991
01992
01993
01994
01995
01996
02000
02001
02002
02004
02006
02007
02008
02009
02010
02011
02012
02013
02014
02015
02016
02017
02018
02022
02023
02024
02026
02027
02028
02029
02030
02031
02032
02033
02034
02037
02038
02039
02041
02042
02043
02044
02045
02046
02048
02050
02051
02052
02054
02055
02056
02058
02059
02060
02063
02064
02065
02066
02067
02068
02069
02070
02072
02073
02075
02076
02077
02078
02079
02080
02082
02083
02084
02085
02086
02087
02088
02089
02090
02091
02092
02094
02096
02097
02099
02100
02101
02102
02103
02104
02105
02106
02107
02108
02111
02112
02113
02114
02115
02117
02118
02119
02120
02121
02122
02124
02125
02126
02128
02129
02131
02132
02133
02134
02136
02137
02139
02140
02141
02142
02143
02145
02146
02148
02149
02151
02152
02154
02155
02156
02157
02158
02159
02163
02164
02165
02166
02167
02168
02170
02171
02172
02173
02174
02175
02177
02178
02179
02181
02182
02183
02184
02185
02186
02188
02191
02192
02193
02194
02195
02196
02197
02198
02199
02200
02201
02202
02203
02204
02205
02206
02207
02208
02210
02211
02212
02213
02214
02216
02217
02219
02220
02222
02223
02224
02225
02226
02228
02229
02230
02231
02232
02233
02234
02235
02236
02237
02240
02244
02245
02246
02247
02248
02251
02253
02254
02255
02256
02257
02259
02261
02263
02264
02266
02267
02268
02269
02270
02272
02273
02274
02275
02276
02277
02278
02279
02280
02281
02282
02283
02284
02286
02287
02288
02290
02291
02292
02294
02296
02297
02298
02299
02300
02302
02303
02304
02306
02307
02308
02309
02310
02312
02313
02315
02317
02318
02320
02321
02322
02323
02324
02326
02327
02328
02330
02331
02332
02333
02334
02335
02336
02337
02338
02342
02343
02344
02345
02346
02347
02348
02349
02350
02351
02352
02353
02354
02355
02356
02357
02358
02360
02361
02362
02363
02366
02367
02368
02369
02371
02372
02375
02376
02378
02379
02381
02382
02384
02385
02387
02389
02390
02391
02392
02393
02395
02396
02397
02398
02400
02401
02402
02403
02406
02407
02408
02410
02411
02413
02414
02415
02416
02417
02419
02420
02421
02422
02423
02424
02425
02426
02427
02428
02429
02430
02431
02434
02435
02437
02438
02439
02440
02442
02444
02445
02447
02449
02450
02453
02454
02455
02456
02458
02460
02461
02462
02463
02466
02467
02468
02471
02472
02473
02474
02475
02476
02477
02478
02479
02480
02481
02482
02483
02484
02485
02486
02487
02488
02489
02490
02491
02492
02493
02494
02495
02496
02498
02499
02500
02501
02502
02503
02504
02505
02506
02507
02510
02511
02512
02514
02516
02517
02518
02519
02520
02521
02522
02523
02524
02525
02526
02527
02528
02529
02530
02531
02533
02534
02537
02538
02539
02540
02542
02543
02545
02546
02547
02548
02549
02550
02551
02553
02554
02555
02556
02557
02558
02559
02560
02561
02562
02563
02565
02566
02568
02569
02570
02571
02572
02573
02574
02575
02576
02577
02578
02579
02580
02581
02582
02583
02585
02586
02587
02588
02591
02592
02593
02594
02597
02598
02599
02600
02601
02602
02603
02604
02607
02608
02609
02610
02612
02613
02614
02615
02616
02617
02618
02620
02623
02625
02626
02627
02628
02630
02632
02633
02634
02635
02636
02637
02638
02639
02640
02642
02643
02645
02647
02648
02649
02651
02652
02653
02654
02655
02656
02657
02658
02659
02660
02661
02664
02665
02666
02667
02668
02669
02670
02671
02672
02673
02674
02675
02676
02679
02681
02682
02684
02685
02686
02687
02688
02689
02690
02691
02694
02695
02696
02697
02698
02699
02700
02701
02702
02703
02704
02705
02706
02708
02710
02711
02713
02714
02715
02716
02717
02718
02719
02720
02721
02723
02724
02725
02726
02727
02728
02729
02730
02732
02733
02734
02738
02739
02740
02741
02742
02744
02745
02746
02747
02748
02750
02754
02755
02756
02757
02758
02760
02761
02762
02763
02764
02765
02767
02769
02770
02771
02772
02774
02775
02776
02777
02779
02780
02781
02782
02783
02784
02786
02787
02788
02789
02791
02792
02793
02794
02796
02797
02798
02799
02800
02801
02803
02804
02805
02806
02807
02809
02810
02811
02812
02813
02814
02815
02816
02818
02819
02820
02821
02822
02824
02826
02827
02829
02831
02833
02834
02835
02836
02838
02839
02840
02841
02842
02843
02844
02845
02847
02849
02850
02851
02853
02854
02855
02857
02858
02859
02860
02861
02862
02863
02865
02871
02872
02873
02874
02875
02876
02877
02879
02880
02882
02884
02886
02887
02888
02889
02890
02892
02893
02894
02896
02898
02900
02902
02903
02907
02908
02909
02910
02911
02912
02914
02915
02916
02917
02918
02919
02920
02921
02922
02923
02924
02926
02927
02928
02929
02930
02931
02932
02933
02935
02936
02937
02938
02939
02940
02941
02943
02945
02946
02947
02948
02949
02950
02952
02953
02954
02955
02956
02957
02958
02959
02961
02962
02963
02964
02965
02966
02968
02969
02970
02973
02975
02977
02979
02980
02981
02982
02983
02986
02987
02988
02989
02990
02992
02993
02996
02997
02998
02999
03000
03001
03002
03003
03004
03005
03006
03007
03008
03009
03011
03012
03013
03015
03016
03017
03018
03019
03021
03023
03024
03025
03026
03027
03029
03030
03032
03033
03034
03035
03036
03037
03038
03039
03040
03041
03042
03044
03045
03046
03048
03050
03051
03052
03053
03056
03057
03058
03059
03060
03061
03063
03065
03066
03067
03068
03069
03071
03072
03073
03074
03076
03077
03079
03080
03081
03082
03083
03084
03085
03086
03087
03088
03089
03090
03091
03092
03093
03094
03095
03096
03097
03098
03099
03100
03101
03102
03103
03104
03105
03106
03107
03108
03109
03110
03111
03112
03113
03115
03116
03117
03118
03119
03120
03121
03122
03123
03124
03125
03126
03127
03128
03130
03131
03132
03133
03134
03136
03137
03139
03140
03142
03143
